SampleID	Actinomycetota	Bacteroidota	Campylobacterota	Candidatus_Melainabacteria	Candidatus_Saccharibacteria	Chloroflexota	Cyanobacteriota	Firmicutes	Fusobacteriota	Lentisphaerota	Pseudomonadota	Synergistota	Thermodesulfobacteriota	Unclassified	UNCLASSIFIED	Verrucomicrobiota
BMT101D14	0.577594894784716	0.0005833608674162	0	0	0	0	0	46.1113539486643	0	0	37.8555210444199	0	0	0	15.45495	0
BMT101D1	0.424225619067323	0.0003652065430718	0	0	0	0	0	21.7033755372169	0	0	62.8037963330995	0	0	0	15.06825	0
BMT101D30	1.06776824398534	37.6854231656981	0	0	0	0	0	44.5248955467676	0	0	8.37059549489875	0	0	0	8.35001	0.0013014299012567
BMT101D-7	0.0536514007622946	0	0	0	0	0	0	36.1977600298661	0	0	53.2103982361688	0	0	0	10.53627	0.0019234702624467
BMT101D7	0.738401621584294	0.6368617593045	0	0	0	0	0	50.3095576009849	0	0	34.9606883907523	0	0	0	13.3545	0
BMT102D10	0.0825397292057462	18.3523732002316	0	0	0.0304669260841676	0	0	75.8010899386462	0	0	0	0	0	0	5.73352	0
BMT102D14	29.7742280404137	0.0046948641216445	0	0	0.328739154661281	0	0	51.9830319913983	0.131094419536778	0	0	0	0	0	17.77821	0
BMT102D28	14.6455661648814	4.4178898942629	0.01565162363696	0	0	0	0	75.259912424441	0	0	0	0	1.9786638125319	0	3.68232	0
BMT102D3	0.637897951556111	3.89523489146022	0.0408785994274151	0	0.0078423096906354	0	0	84.8579405548319	0	0	0.176384748241949	0	0.0102174091969421	0	10.3736	0
BMT102D-9	5.64191072270965	12.3210264291127	0.0247658645540456	0	0.0179618619078808	0	0	68.2005639075034	0	0	1.00693951078282	0	0.918690186306071	0	11.86525	0.0028820063021967
BMT103D14	9.73690399112395	0.0314820740295881	0	0	0	0	0	72.4248118794077	0	0	0	0	0.155936320644594	0	17.65087	0
BMT103D-1	11.4227504855766	18.1822617144525	0	0	0	0	0	55.0180733900124	0.0770041203828052	0	1.0187470683654	0	0.213679774292918	0	14.06749	0
BMT103D24	3.41625990456633	1.74608432710543	0	0	0.0035980237876811	0	0	74.0027602248432	0.0257593030463192	0	0	0	0.404323943025863	0.0035104612618747	20.3977	0
BMT103D27	2.42687671547601	12.671644434484	0	0	0	0	0	64.5938242496158	0.431915432369352	0	0	0	0.762231306807893	0.0147083927630368	19.09575	0.0030500902484405
BMT103D-8	12.6507716165066	7.49721357912633	0	0	0	0	0	63.9161559231139	0.0011552245796516	0	0.0511165795755334	0	0.203327958314886	0.0032127048528997	15.67704	0
BMT103D8	1.99148266165775	40.8188553428149	0.0031675628134918	0	0	0	0	28.8837399038714	5.22280492250368	0	0	0	4.62860932503669	0.0895489600546196	18.36178	0
BMT104D0	22.6450943669496	3.97710637552257	0.0343437471632388	0	0.0217540589799273	0	0	55.1834357814471	0	0	0.0007081184982111	0	0.384714192929276	0.0921953816798814	17.66064	0
BMT104D14	1.86282767762621	30.3573724359818	0	0	0	0	0	50.0209934734584	0	0	0	0	0.416316924097213	0.013938407681558	17.32854	0
BMT104D24	0.243634306646188	13.8941062810622	0	0	0	0	0	71.6437779188842	0	0	0	0	0.986848835033726	0.116660526919096	13.11497	0
BMT104D29	10.7289011545369	26.6465551226554	0	0	0	0	0	48.6023982005824	0	0	0	0	0.349140111461635	0.0868119090103106	13.5856	0.0005962593790276
BMT104D-53	17.2067728367378	7.61488846277873	0.0182735748555446	0	0	0	0	61.9527686185794	0	0	0	0	0.604297576535826	0.149848567358788	12.44094	0.0122144882239984
BMT104D7	1.27123360860024	11.4968694127198	0	0	0	0	0	71.5581232097922	0	0	0	0	0.969689496213533	0.0137604507675264	14.69032	0
BMT105D-1	2.86737680679344	18.4805479961769	0	0	0.0523167929103442	0	0	57.7366163481827	0	0	0.663009216315291	0	0	0	20.20013	0
BMT105D7	0.0083833423575637	39.4889416324341	0	0	0	0	0	48.5604577699967	0	0	0.0025273311519125	0	0	0	11.93968	0
BMT105D-8	3.25108392683164	4.87703021592362	0	0	0.0058133047216681	0	0	81.6276844720813	0	0	0.0885383380638608	0	0	0	10.14985	0
BMT106D0	1.4625517337153	45.405101257265	0.0145993094953978	0	0	0	0	29.0192108976038	0	0	1.12594283912474	0	0.003083275500612	0.0329679232902938	22.91811	0.0184302793049082
BMT106D14	2.79108991805045	27.2734142631887	0	0	0	0	0	43.6181032465166	0.0029534374635839	0	0.308322232113858	0	0.244195201214408	0.0014559198764146	16.80458	8.95588729098172
BMT106PRE	7.01792489992836	28.0791487242228	0	0	0	0	0	45.6699043934686	0	0	0.0014932576781401	0	2.14883212660646	0.19508467551427	14.18059	2.7070187122478
BMT108D0	2.32533473161267	2.04346591076644	0	0	0.016650658551273	0	0	49.3310806875549	0	0	15.2897333697344	3.30118256016981	0.32983634461133	0	14.83039	12.5323246949174
BMT108D-33	11.8556483690604	19.4651086882322	0	0	0	0	0	50.368928892396	0	0	0.969016684812718	0.0660287612119163	0.312865251723753	0.0160777281657709	16.60929	0.337023539325536
BMT108PRE	12.5643497633871	18.8329671330333	0	0	0.0032413748220809	0	0	50.9192021393074	0	0	0.910893503757546	0.0762898711362843	0.279203293936193	0.0247637677469347	16.02656	0.362538536771249
BMT109D0	2.36819063569586	2.29364831908231	0	0	0	0	0	81.7551871536896	0	0	0.0223860407971775	0	0	0.0239251351432175	13.53403	0.0026372122221472
BMT109D14	0.264843713585196	48.887369463515	0	0	0	0	0	33.5286205443473	0	0	0	0	0	0	12.19001	5.12915718906485
BMT109d29	0.689839003281936	20.866999909785	0	0	0	0	0	66.7399807015104	0	0	0	0	0	0	11.58744	0.115749724203359
BMT109D-6	1.26872052478065	5.05680079314905	0	0	0	0	0	78.5233954602173	0	0	0	0	0	0	15.15107	0
BMT110D15	2.61987182716431	35.0996615240949	0	0	0	0	0	40.4204272943293	0	0	0	0	0	0.233152149940203	21.6269	0
BMT110D24	1.0302350754366	57.4744676479552	0	0	0	0	0	21.6932278676496	0	0	0	0	0	0.0047159156145913	19.79735	0
BMT110D4	12.2223529721793	0.357435822604546	0	0	0.0162367978616502	0	0	63.642684505283	0	0	1.77757435657502	0	0	0.0073186527603209	21.97598	0.0004135272881631
BMT110D-9	0.414480153809321	33.7480515096689	0	0	0.0051082981266265	0	0	40.6642075564566	0	0	1.29227000566668	0	0	0.0055117851619636	23.87037	0
BMT111D21	5.14718711096753	3.57389260700687	0	0	0	0	0	69.4988015625403	0	0	0	0	0	0.0102025599699402	12.12265	9.64726301515946
BMT111D3	5.21651554692268	3.68060724051455	0	0.0754331915984755	0.015042545177124	0	0	75.0308755903166	0	0	0.0010429724108152	0	0.167706571878895	0.0019926708661917	15.2055	0.605305573545096
BMT111D6	4.30363771615101	25.303239864974	0	0	0	0	0	55.3782110795225	0	0	0	0	0	0.0712999895241267	14.79447	0.149143763937657
BMT111D-8	2.63278532648862	34.9095936908366	0.0007008716261949	0.0894260278607951	0	0	0	48.473787243726	0	0	0.124694580309813	0	0.270770071586634	0.0256034461964289	13.47264	0
BMT112D15	4.51762045354081	32.0437050751643	0	0	0	0	0	48.8413624954562	0	0	0.330296608748583	0	0	0.076172789043468	14.19084	0
BMT112D19	3.20502738916569	14.1399569894626	0	0	0	0	0	64.8457184213549	0	0	0.0037459413150604	0	0	0.133940042318061	17.67162	0
BMT112D-6	8.19536793705334	4.98549502167163	0	0	0	0	0	69.656552157824	0	0	0.1267910218094	0	0	0.0357730625817303	16.99985	0.0001660002904024
BMT112D7	9.31838511306512	45.3281534005789	0	0	0	0	0	29.2386489095331	0	0	0	0	0	0	16.11482	0
BMT113D-12	41.0031085472933	13.2434966061106	0	0	0	0	0	31.1581663990744	0	0	0.058435003075498	0	0.0698123349581525	0	14.45615	0.0108384056355813
BMT114D25	9.98429761348601	0.0053868152858254	0	0	0.0223933577850544	0	0	83.9986601859639	0	0	0	0	0	0	5.98926	0
BMT114D28	20.0857108396603	0.268982671692203	0	0	0.0566967531742675	0	0	69.7695436853182	0	0	0	0	0	0	9.81907	0
BMT114D-36	0.0154810225953166	0	0	0	0	0	0	85.2794093097279	0	0	0	0	0	0	14.70511	0
BMT115D18	3.19616022781733	3.74646500199154	0	0	0	0	0	77.8226701560006	0	0	0	0	0	0	15.2347	0
BMT115D4	0.549289420967165	61.9417519681287	0	0	0	0	0	21.9903543751624	0	0	0.0064479119401521	0	0	0	15.49264	0.019521201286699
BMT115pre	2.37618284186554	11.6513295360099	0	0	0	0	0	58.0515028435262	0	0	6.75792234252116	0	0	0	21.16182	0.001245643294674
BMT116D1	18.6886819052162	2.01588344930204	0	0	0	0	0	62.6523349403639	0	0	4.61742756967723	0	0	0	12.01012	0.0155566115753806
BMT116D-3	2.31122543054354	40.2628227591306	0	0	0	0	0	41.5780571529372	0	0	0.17034014606536	0	0	0.008542728252102	15.66902	0
BMT118D10	2.72899324799376	15.3457781378094	0	0	0	0	0	26.2244123999366	0	0	0	0	0	0.225211496871664	6.41922	49.056371920295
BMT118D4	1.98645943888682	27.8932384766074	0	0	0.0029462278092554	0	0	54.4387163764951	0	0	0	0	0	0.0380410002430331	13.34624	2.29435757570583
BMT118D-9	2.18465837338045	47.0002394852984	0	0	0	0	0	25.0388354887923	0	0	4.25401248688614	0	2.09192451501189	0.0233286637440737	19.3338	0.0731965058138744
BMT119D1	3.40551396349171	12.3337675782513	0	0	0	0	0	63.1958756188417	0	0.0265800304071714	0.436571649190124	0.01443282810515	0.896478938602454	0.0163845984538892	14.39604	5.27835745865466
BMT119D-7	3.45818417412728	12.5004277578812	0	0	0	0	0	69.7542566188486	0	0.1403140103946	0.506285380153736	0.0757631788329928	1.22224342838796	0.0009402759578851	11.29472	1.04685535065866
BMT119D9	0.0808406872254236	64.0980275674531	0	0	0	0	0	17.4148115088178	0	0	3.34423122502831	0	0.058392438518976	0	10.02706	4.97663728016135
BMT120D0	5.56229507978142	9.89710046659508	0	0	0.0036084202299589	0	0	69.0619783046847	0.165834862117689	0	0.0138746298982926	0	0	0	15.2953	0
BMT120D23	27.1249030102797	26.2895767992033	0	0	0	0	0	30.3703701210735	0.0260232761306763	0	0	0	0	0	16.18913	0
BMT120D-5	2.5228995599515	5.30882386953047	0	0	0	0	0	74.66073755321	0.0777310091477134	0	0.043272932927593	0	0	0	17.38654	0
BMT120D6	0.57808096306847	65.1006487386635	0	0	0	0	0	23.0068109059897	1.66032016257569	0	0	0	0	0	9.64096	0.0131653114166368
BMT121D0	1.92456516433329	6.66731592291433	0	0	0	0	0	81.3778572749084	0	0	0	0	0	0.0258647389177224	10.00439	0
BMT121D15	19.1991443058289	46.1204941639184	0	0	0.0741897417868433	0	0	21.1106819154908	0	0	0	0	0.141325775226978	0.115653053212328	13.23852	0
BMT121D22	17.4470867978537	25.0158894402182	0	0	0.0249731620516241	0	0	41.0192728825791	0	0	0	0	0.125644651328141	0.113484681073628	16.25365	0
BMT121D26	28.9423447831116	3.10392966641132	0	0	0.0306371567745378	0	0	54.8761625607767	0	0	0	0	0.0334405567408353	0.0755960307682045	12.93789	0
BMT121D-6	8.2800293495097	9.5631975445987	0	0	0	0	0	64.9588345876473	0	0	0.150104557445061	0	0.0038596891844698	0.0480427548380896	16.99593	0
BMT123D0	2.05757596152006	26.2784087946182	0	0	0.001492506179915	0	0	50.4361051453613	0	0	1.03855868982157	6.96084056644741	0	0	13.22638	0.0006334473903127
BMT123D-8	8.40438877648548	8.87991035263025	0	0	0	0	0	68.9497642641108	0	0	0	0	0	0.0042857441234731	10.89929	2.86236029036536
BMT124D0	1.15529775844059	24.8393515658721	0.0114017953020615	0.551839002104001	0	0	0	47.1483330788434	0	0	1.82094166963915	0	3.37799292953286	0	21.09484	0
BMT124D-13	4.32922794591771	8.61667697988047	0	0.776636718298876	0	0	0	60.9875560533487	0	0	0.891377741086039	0	0.846670865127659	0	23.55185	0
BMT124D17	2.4940907146576	5.7823057960397	0	0	0	0	0	70.7204039695283	0	0	0	0	1.4624024815119	0	19.54079	0
BMT124D7	3.32495505458426	1.04126828361471	0	0	0	0	0	75.2260455424902	0	0	0.0465775357798231	0	0.077980092859252	0.0255733876469599	20.2576	0
BMT125D0	10.8973801848463	3.53988288435217	0	0	0	0	0	70.4004434431654	0	0	0.101610966013053	0	0.204788583420978	0	14.8559	0
BMT125D-14	7.98055357366145	13.4474378631579	0	0	0	0	0	62.3455670215425	0	0	1.64645699128925	0	0.525373005777151	0.0108390792082097	14.04378	0
BMT125D21	8.66289305454015	2.12283225873076	0	0	0	0	0	68.6849245928321	0	0	0	0	1.26536739908575	0	19.26399	0
BMT125D7	7.82708755521582	18.408577091971	0	0	0.0060815013206887	0	0	57.2644611627878	0	0	0	0	1.43095347835067	0	15.06283	0
BMT126D-12	6.27847829111652	1.37954048891321	0	0	0.0115224456588139	0	0	74.0166334809319	0	0	0.830532270434693	0	0	0.0223020402364721	17.46099	0
BMT126d1	17.8541597173456	3.20998972455756	0	0	0	0	0	62.3004259628563	0	0	0.452418990648091	0	0	0	16.18301	0
BMT126D21	8.30069329598361	10.0184779299397	0	0	0.0093868906416615	0	0	63.4387901443293	0	0	0	0	0	0	18.23266	0
BMT126D2	16.6074145898226	3.79888986635419	0	0	0.023851957442411	0	0	55.8598932933993	0	0	2.26354683180253	0	0	0.0232939709585852	21.41035	0.0127550994823832
BMT126D8	7.97403087127165	17.2704861674641	0	0	0.006348013899268	0	0	55.5337081818407	0	0	0.362648558741563	0	0	0.0272997068327858	18.82335	0.0021268281861997
BMT127D-13	15.0125424517354	22.445620548762	0	0	0	0	0	47.13386985175	0	0	2.43645802833356	0	0.353748636341283	0.0437488691734229	9.23471	3.3392912789168
BMT127D1	0.0326779715466868	22.92396793693	0	0	0	0	0	36.988723057752	0	0	12.1888833869142	0	0.311108344165984	0	21.91644	5.63820333300617
BMT127D21	5.18667726468719	0.0441036627378968	0	0	0	0	0	72.1246390706786	0.0347521221007725	0	0.156596706291774	0	0	0.0032197920165187	16.80124	5.64877149825171
BMT127D6	1.49392418086058	33.8977033802392	0.0651117860762457	0	0.123825970931318	0	0	14.1692137481694	0	0	0	0	0	0	11.26767	38.9825540984081
BMT128D-14	5.3060816358165	14.3074817145443	0	0	0	0	0	58.6793506211755	0	0	0.406049843760901	0	0.522616617129645	0	12.29646	8.48195832970131
BMT129D0	2.50610510220821	18.5699473335106	0	0	0	0	0	54.4771394165562	0	0	0.0758060026670648	0	0.299157817423134	0	23.99639	0.0754487856903903
BMT129D15	3.99027992292991	20.2974976295892	0	0	0	0	0	49.8876644006678	0	0	0.607069696399387	0	0.586123523144515	0	24.62694	0.0044243985968369
BMT129D23	1.84557859755776	29.6025513218674	0	0	0	0	0	37.8236094792173	0	0	0.520339216167589	0	0.626821541550956	0	29.56586	0.0152349034134292
BMT129D28	6.52753742533897	8.73840944170807	0	0	0	0	0	61.0671657340686	0	0	0.0007583862180554	0	0.270789842646883	0	23.39533	0
BMT129D-6	2.72368009942453	20.7467702284251	0	0	0	0	0	52.5584320260027	0	0	0.0754998248885814	0	0.350835020042317	0	23.46698	0.077803468810676
BMT130D0	4.70656989999278	17.1163771300284	0	0	0	0	0	61.6656380558771	0	0	0.116163950308605	0	0.257601363368547	0.0468884826874084	16.09076	0
BMT130D20	3.91218234899094	5.44620821261412	0	0	0	0	0	74.8917205600855	0	0	0	0	0	0.0407293341082419	15.70916	0
BMT130D25	6.93599191574975	1.86709705393079	0	0	0	0	0	76.952431669694	0	0	0	0	0	0.0249192177785029	14.21956	0
BMT130D-4	6.45625099590734	32.9933523463459	0	0	0	0	0	40.5803350403807	0	0	0.122265562270194	0.001533135661345	0.092509887418854	0.0226277980593275	19.73112	0
BMT130D7	2.82369030085512	30.6271225866894	0.0025177723391414	0	0.101512786810657	0	0	52.6202778494743	0.0499674339223443	0	0	0	0	0	13.77492	0
BMT131D0	3.3144089368021	24.3203819459519	0	0.380635279046449	0	0	0	44.6009535933849	0	0	0.569287064791508	3.46480352888308	2.10797793583164	0	17.93824	3.30331418651599
BMT131D14	8.37319969080237	16.3350601286201	0	0	0	0	0	49.5447292761388	0	0	0	1.89977502834115	4.54313044679344	0	19.30411	0
BMT131D22	4.00387106429225	0.207146481249315	0	0	0.0071240622939642	0	0	81.5622570176574	0	0	0	0.171682933986451	1.13914452810297	0	12.90877	0
BMT131D267	0.304639473091464	2.46605537018014	0	0.437947885395958	0.0078284133014699	0	0	70.1271367150021	0	0	0.575057811261435	0.0611923477355784	0.0077908489382191	0	24.87127	1.14107763672472
BMT131D-6	1.67411117020177	49.9814573630125	0	1.04984331607237	0	0	0	25.0887604656391	0	0	0.149886200712346	1.92860553857218	2.98151005092057	0	13.52553	3.62028832129617
BMT131D7	3.82197795476025	5.82366541539591	0	0	0.0016239284027939	0	0	70.2850370053753	0	0	0.0053797833241276	0.262185322590572	3.0785185484473	0	16.72162	0
BMT132D3	3.52146659060335	3.19801418899373	0	0	0.009824370411909	0	0	72.2759671045473	4.64446055293248	0	0.0975932513919047	0	0.100963779160049	0.0184576520636468	15.52562	0.607624216447651
BMT132PRE	0.986151325616041	46.1381595142044	0	0	0.0015956423984079	0	0	24.5208218052137	10.9854926262789	0.0023757342376295	4.8994909017514	0.0054429135145691	1.05612024478623	0.0151320087449016	11.3532	0.0359994654440805
BMT133D15	6.82256708923498	0.0459256383354408	0	0	0	0	0	77.8651488644536	0	0	0	0	0	0	15.26635	0
BMT133D1	9.58923196896448	0.0728165371487669	0	0	0	0	0	61.8354456917817	0	0	0.0015297290080567	0	0.317802996880372	0	28.18174	0.001429183439452
BMT133D26	4.94949319568313	1.06845075256057	0	0	0	0	0	81.1878293978189	0	0	0	0	0	0.0239532829323219	12.77027	0
BMT133D-6	4.47769770803339	0.255233281156047	0	0	0	0	0	72.7861026688343	0	0	0.141288874642585	0	0.533752757933635	0	21.80592	0
BMT134D15	4.21466150289097	7.64570739613491	0	0	0	0	0	53.3249628253112	0	0	0	0	1.5409046902865	0	13.68351	19.5902521347942
BMT134D186	3.65192010063312	26.7125707906779	0	0	0	0	0	43.3938008708254	0	0	4.58446824049614	3.52910617598242	0.883710628544082	0.0179374384793464	17.22456	0.0019286678198835
BMT134D2	0.16904146556955	26.0218237199032	0	0	0	0	0	56.7592550000581	0	0	0.0136508581096542	0.0072821183468167	0.0633552599614729	0	16.96558	0
BMT134D8	1.01708642746043	8.33438663891159	0	0	0	0	0	35.5016685481754	0	0	0	0	0.669955577579307	0.0167285439131018	9.57544	44.8847359564028
BMT134pre	8.74113113999873	14.4307908499101	0	0	0	0.0263301426956399	0	52.4073319848433	0	0	3.23087478739988	0.0037291618410133	0.892916322893035	0.0047784930949781	19.28221	0.979905883846717
BMT138D5	2.08266087224179	27.733333709144	0	0.0183104529809958	0	0	0	55.2158346330279	0	0	0.0349957681741803	0	0.0006041088111759	0	14.91425	0
BMT138pre	9.219863010682	2.1682082615376	0	0	0.0003592944411752	0	0	72.078784788728	0	0	0.0825207418848017	0	0.0031417374391135	0	16.44315	0.0039773059069629
BMT140D13	2.13056831608931	0.0014622005996879	0	0	0	0	0	81.4222811100474	0	0	0	0	0	0	16.44568	0
BMT140D14	17.466563051299	12.8517246029286	0.0066210147268795	0	0	0	0	57.8377374945545	0	0	0	0	0	0	11.83735	0
BMT140D62	46.841331664446	1.9699510185674	0	0	0	0	0	21.2621275786337	0	0	7.02054567893822	0	0	0	22.90604	0
BMT140D75	24.4246178112111	3.69217054865692	0	0	0	0	0	42.4060565542886	0	0	16.6734593013236	0	0	0	12.8037	0
BMT140D87	3.74889682144227	21.0181542040385	0.0718650273991398	0	0.102906545586064	0	0	39.0574499201456	0.292844862751434	0	0.0015651185640466	0	0	0.017495789662378	6.83818	28.8506316827169
BMT140pre	5.16826790608495	1.78008866882891	0	0	0.0154041242569241	0	0	80.7214007313844	0	0	0.0158953719553226	0	0.0217552552147903	0	12.2772	0
BMT141D14	2.75419967111925	13.1380365734494	0	0	0	0	0	67.8235631035415	0	0	0.0127293392504019	0	0	0.11936900146869	16.14401	0.0080921030149129
BMT141D163	6.87537229543236	3.22245721229079	0	0.0233996908746189	9.30573389807694e-05	0	0	70.3895863760246	0	0	0.0628644623605542	0	0	0.0769245803047396	15.40242	3.94687475722373
BMT141pre	25.8392568601392	11.3290458171894	0	0	0.0181315092400398	0	0	51.8832329863269	0.0013361003347012	0	0.495056558914005	0	0.0920922848146433	0.0130023186934014	10.32884	0
BMT142D1	0.0598408424987194	13.4402957823612	0	0	0.0054088763350528	0	0	43.5304994633802	0	0	10.0317633155699	0	1.56590401927912	0	31.35944	0.0068503281502319
BMT142D8	3.85598164762201	47.9505964370231	0.0073541946595691	0	0	0	0	39.6379266310121	0.364651644495649	0	0.572869590529205	0	0	0	7.61062	0
BMT142pre	20.068214173811	0.0938158996986891	0	0	0.0180812127378446	0	0	62.1444924478348	0	0	0.234882384099974	0	0.0031291231176452	0	17.43738	0
BMT144D207	0.0124708598794965	50.0682032378112	0.0163052491189917	0	0	0	0	22.6461575042902	0	0	0.0046201843777598	0	0	0	27.24119	0.0110520631020742
BMT144PRE	2.80780727933652	61.5271686862076	0	0	0	0	0	24.7000846167269	0	0	0.0353698653612565	0	0.664596269948341	0	10.25155	0.0134263685816898
BMT146D142	6.28264027834675	0.694073943757737	0.0008875625879254	0	0	0	0	74.2332350218454	0.0074262117448445	0	0.0029476849250369	0	0.172545424203131	0.0116848836116796	18.57224	0.0223112063386775
BMT146D2	2.38639689132806	1.57540421995973	0	0	0	0	0	78.3010796088305	0	0	0.122928357438052	0	0	0.0003377831683506	17.61386	0
BMT146D42	0.304369980496257	0.344512022831389	0	0	0	0	0	71.9013481342685	0	0	0	0	0	0	27.44977	0
BMT146D52	5.47626143322985	0.102281051301201	0	0	0	0	0	79.5209261078649	0	0	0	0	0	0	14.90053	0
BMT146D57	3.45342949066133	1.15344713652138	0	0	0	0	0	78.0647003006092	0	0	0.0005870170360047	0	0	0	17.32154	0.0062918304845012
BMT146D69	3.64638319646732	0.194943429106797	0	0	0	0	0	78.3932449256328	0	0	0.0127423146124748	0	0	0	17.73845	0.0142394748832756
BMT146pre	2.91989812866029	5.46559268518185	0	0	0	0	0	76.0850150271045	0	0	0	0	0	0.0246218802179473	15.50487	0
BMT148D67	3.27206627696741	44.4774055196479	0	0	0.0066181179557045	0	0	24.1643645084535	0	0	0.259387249071699	0	0.0005071025446578	0.0012634588824526	14.05042	13.7679630118373
BMT148PRE	6.37779222798241	13.1728110697562	0	0	0.0015324840954818	0	0	57.3969478017046	0	0	0.0592352015682171	0	0.026450988239873	0.0814796773419206	21.81204	1.07171460450818
BMT149D12	0.0980059877506074	0.168151524115856	0	0	0	0	0	75.2111642455168	0	0	0	0	0	0	24.51788	0.0048006629859354
BMT149D17	0.317488796004006	0	0	0	0.0389434770104045	0	0	88.0510070241581	0	0	0	0	0	0	11.59256	0
BMT149D24	0.424604161743517	0	0	0	0.0120365250651248	0	0	73.6342753837902	0	0	0	0	0	0	25.92908	0
BMT149D28	0.719357734647379	0.296770371735179	0	0	0.0263646021995989	0	0	78.2084304166544	0	0	0.0592747345871814	0	0.0006664539827765	0	20.66024	0.0288876065629671
BMT149pre	0.396799661876357	0.0287283008497741	0	0	0.412922687863475	0	0.0018055124142599	65.771859142589	0	0	0.0023851418609042	0	0	0	33.37593	0.0095672170733478
BMT151D114	1.76059936426011	15.2805116060642	0	0	0.0018324689727263	0	0	67.2119545662155	0	0	1.13255350308614	0	0	0.0355884763650532	12.32206	2.25490129380744
BMT151D15	0.354540340118308	0.0898361793316209	0	0	0.0601871191984877	0	0	94.0697908530043	0	0	0	0	0	0	5.42565	0
BMT151D1	1.82481670299094	0.357682904334961	0	0	0.0224654475048901	0	0	86.30823319393	0	0	0.142860387171981	0	0	0	11.34393	0
BMT151D43	2.8597816308963	17.6144748965511	0	0	0	0	0	51.779647150372	0	0	8.94850491508466	0	0	0.0355128740430007	18.75343	0.0086446346332081
BMT151pre	5.21794006709631	39.8254699982669	0	0	0.00557429560813	0	0	33.6840153042151	0	0	0.0203852670181464	0	0	0	15.02598	6.22063348441239
BMT152PRE	10.5795575994824	0.758112165003172	0	0	0.0089790141809837	0	0	74.005197048175	0	0	0	0	0	0	14.64815	0
BMT153D142	3.33806685118774	10.5296622008235	0	0	0	0	0	62.9898913121906	0.000549178087896	0	0.372721753823193	0	0.0022817962806948	0.108350516271096	22.65097	0.0075028555670304
BMT153D183	2.39147705921585	50.2791085784028	0	0	0	0	0	32.8579597144329	0	0	0.279055181982104	0	0	0.058116099359028	14.11837	0.0159052779685118
BMT153D1	5.06161984069158	0.298550242550322	0	0	0.0094800239722324	0	0	72.9625030795316	0	0	0.0022955760527802	0	0	0.0085946994194537	21.65269	0.0042542586916712
BMT153D73	0.0219556699111787	11.0655522142838	0	0	0.0016234826342772	0	0	58.9290110135403	0	0	0.244822586861687	0	0	0.0110200033357004	29.71937	0.0066485479308498
BMT153D99	0.53253894223963	0.590479023671661	0	0	0	0	0	73.5460341821257	0	0	0.0071387921258663	0	0	0.075551593734169	25.24825	0
BMT153pre	6.13963328081382	1.73570860280757	0	0	0.0345319135399308	0	0	73.073546838229	0	0	0	0.0065613065839418	0	0.0067800168034065	18.99622	0.0070230281583673
BMT164D183	1.51512373207283	37.8905934779061	0.128534233822972	0	0	0	0	39.4781329058403	0	0	0.0213910863113508	5.68271656912296	0.574538810041808	0.013609406727804	14.67457	0.020802340816543
BMT164D26	8.92935268825186	7.58934323680726	0	0	0	0	0	79.5834440204274	0	0	1.17179082125295	0	0	0	2.71881	0.0072571766205746
BMT164D7	0.0277771059083663	6.39799643296524	0.0174940158313603	0	0.0142212947873486	0	0	84.6867894426254	0.0027075157383606	0	0.0060896313576595	0	0	0	8.83785	0.0090706335342384
BMT164D9	0.0464213025918826	29.7597077545772	0	0	0	0	0	63.6156914135145	0	0	0	0	0	0	6.57818	0
BMT165D1	0.661659321146467	62.7905571103207	0	0	0	0	0	13.9962264223403	0	0	1.84018649056318	0	1.44943281458565	0	19.25075	0.0111837705612381
BMT165D22	7.15391758186619	5.04263464087889	0	0	0	0	0	75.2912855838911	0	0	0	0	0	0	10.47968	2.03247820680067
BMT165D29	6.3853412357701	5.49314277505336	0	0	0	0	0	75.9480700461932	0	0	0.0061138965279948	0	0	0.0088194714283144	12.15666	0.0018534944934007
BMT165D8	6.50078824359958	8.78318325730194	0	0	0	0	0	68.1253780434079	0	0	0.00124270921683	0	0	0.556255118157683	16.03316	0
BMT165PRE	8.62355482105262	12.2311742877187	0	0	0	0	0	62.1000560242857	0	0	1.65288740767076	0	0.234348738803523	0.0357115821390952	14.81016	0.312118546376949
BMT166D5	14.704825626088	4.2883106802176	0	0	0.0214607672585669	0	0	60.0072508504594	0.0751881117050053	0	0.164953348340358	0.0397536299162578	0.0899637268985655	0.0015879221057023	20.60389	0.0028026825165646
BMT166PRE	6.75191795508949	25.8296087326488	0	0	0	0	0	51.3006608918482	0.494981181216926	0	0.929819101086666	0	0.273756715279377	0.0324388351949448	14.38682	0
BMT168D11	0.0415529978167324	38.4379716614008	0	0	0	0	0	42.0027488575991	0	0	0	0	0	0	19.51773	0
BMT168D18	0.231046216418797	78.9698416015793	0	0	0	0	0	11.1008831719927	0	0	0	0	0	0.0525556934937923	9.62048	0.0251978114291819
BMT168PRE	4.39208989784906	20.4932296744317	0	0	0.0115282742548708	0	0	57.517830336785	0	0	0.0891221086744444	0	0.46742213785876	0.0233885362492628	17.00307	0.0023156144831598
BMT169D7	1.36664938372148	11.537927046235	0	0	0.154731732017531	0	0	53.985895217366	0.0518318518680018	0	0.385210429610549	0	0	0.112761991766041	32.40499	0
BMT169PRE	0.717495861825494	5.03098235904183	0	0	0.088047922405501	0	0	72.8116159791353	0	0	2.64011260417942	0	0	0	18.70749	0.0042597277574076
BMT170D135	2.63917022471465	39.1991144628347	0.0040504206385043	0.21009549695185	0.0061559256400176	0	0	46.6566258239362	0	0	0	0	0.431601760416138	0.0674832196247735	10.78369	0.0020162886878898
BMT170D27	13.3032497717282	1.16978732675184	0	0	0.0656175262005821	0	0	43.374736936592	0	0	0	0	0	0.0012335863266305	42.08515	0.0002258679189605
BMT170D2	3.18095414249441	34.382976037343	0	0	0.0087921150256532	0	0	53.8183551303046	0	0	0.344647234140392	0	0.0272950613805807	0.106139294557337	8.12837	0.0024805340197767
BMT170D55	0.0609678900798606	34.6103597878734	0.0003513079051222	0	0.0032815352046651	0	0	45.1619486081156	0.0035130790512229	0	0.0019561462898855	0	0	0	20.15729	0.0003193708228384
BMT170PRE	4.5232434278668	26.2960034881724	0	0	0	0	0	55.5434151937732	0	0	0.677763003224548	0	0.45142181429897	0.0411959171984749	12.46086	0.0060927238355585
BMT171D0	3.4724519051267	36.0752985793594	0.0624329385164643	0	0.0048733034879352	0	0	45.5104422539907	3.41558455246281	0	0.0067861889691809	0.071368846407426	2.3558642138097	0	8.91022	0.114682039089916
BMT171D23	6.75366415837398	3.3469371399135	0.026931937112365	0	0	0	0	69.4286590737595	0.119905809601359	0	0	0	1.82044081332978	0.0108901537476149	18.48687	0.005697767567053
BMT171PRE	1.53769718732387	27.1016867414238	0	0	0.0011977042723667	0	0	37.2453975037749	0.54433505034692	0	4.04506092350232	0.549901359411301	1.21285221561002	0.0331479736388109	13.83423	13.8944897145287
BMT173D2	0.959090130550259	0.19439562118555	0	0	0.0128959456776638	0	0	76.9344223078822	0	0	0.0044952492967876	0	0.0007013864151016	0	20.297	1.59700107508518
BMT173D37	0.804107576326408	0.159061064105884	0	0	0.0058075033547787	0	0	81.710645648495	0.0001240919520251	0	0	0	0	0	17.27203	0.0482221325569875
BMT173D69	3.95255679256889	6.21426627808075	0	0	0.0004192378299545	0	0	76.0370691435266	0	0	0.582766786001242	0	0	0.162105294249105	12.65879	0.392031041614822
BMT173PRE	0.187972445221652	5.51454428867863	0	0	0.0355993673069556	0	0	63.2986781818387	0	0	0.0201180568221694	0	0.0050399416710687	0.0018421855763216	30.48356	0.452635423567759
BMT174D61	0.43060892029644	42.3120487855627	0	0	0	0	0	29.8600589451601	0	0	2.35839790876222	0	1.15960894097392	0.0175221317679134	15.59667	8.26508658285947
BMT174D7	11.284279518702	4.37389358146007	0	0	0	0	0	71.2879629133084	0	0	0.0666356746789717	0	0.0560812526048847	0.0136023162373959	12.91731	0.0002351232640266
BMT174PRE	10.50381	22.71095	0	0	0	0	0	66.04664	0	0	0.33266	0	0.14917	0	0	0.25678
BMT180D0	3.99927998020595	5.85068284149834	0	0	0.0099067195466003	0	0	73.5003098646773	0.059875042525529	0	0.084462099223041	0	0.037344570645286	0.0518159052741174	16.39899	0.0073318084745726
BMT180D-6	3.81580811137934	12.0018672779851	0	0	0.0097621140300802	0	0	65.0863628293351	0.184995404059758	0	0.345267920019364	0	0.0339250178493971	0.0603529327150768	16.42026	2.04139344287411
BMT181D3	1.01293400656079	13.1326003784391	0.0191485468391734	0	0	0	0	69.2120050673398	0	0	7.4400175805339	0	1.9467318190624	0	7.22603	0.0105298452822005
BMT181PRE	0.726175819477106	35.5084969590412	0	0	0	0	0	52.6111892234711	0	0	1.21004910373511	0	0.285369507082986	0	9.65603	0.0026922503913233
BMT182D-12	3.1467790697406	25.5750659670407	0	0	0.0045520724512347	0	0	53.9145201823577	0	0	0.648310509750577	0.0037989722295231	0.364902160760008	0.0097400962008037	16.3222	0.010133381872142
BMT182D-13	16.2745350208209	13.9306565709567	0	0	0	0	0	59.3689405676191	0	0	0.115593221513779	0	0	0.0331983947528511	10.27461	0.0024764207977802
BMT183D5	2.52908963074959	17.5783769362313	0	0	0.11461761838093	0	0	64.3071219646804	0.0488529904152167	0	0.931868012057866	0	0	0.0217447560209212	14.45808	0.0102479219956977
BMT183D7	6.6965684787628	13.82147447169	0	0	0.0649355675987123	0	0	62.8351548262487	3.32946175408857	0	1.13231005816065	0	1.16490716014847	0.129451965896897	10.81504	0.010675439419813
BMT184PRE	2.62898529419653	18.1518672669277	0	0	0	0	0	46.0527523931254	0	0	3.18592916266992	0	0.320727636345294	0.007871034925581	14.81564	14.8362193598349
BMT185D0	9.53664181392757	14.7118199683557	0	0	0.0043933257716445	0	0	35.626293505592	0	0	18.2973450143703	0	1.75026570641315	0.0436476495400857	15.9976	4.03199782758807
BMT185PRE	9.9497917682772	13.7725562989714	0	0	0.005991537568347	0	0	27.1681794600583	0.0128697538285615	0	34.4077990682532	0.0021865668712071	0.71531727400033	0.003968532785931	13.91469	0.0466582379604037
